1 1
2 1.7
3 2.8
4 3.9
5 4
6 4.5
7 6.6
8 7.5
9 8.2
10 10.5
11 11.8
12 13
13 15.8
14 19.5
15 19.4
16 20.7
17 22.2
18 23.7
19 23.2
20 24.6
21 24
22 24
23 24.4
24 23.9
25 25.8
26 29.6
27 32.8
28 35.5
29 37.2
30 40.4
31 46.8
32 49.6
33 47.4
34 50.8
35 54.8
36 55.2
37 57.2
38 56.9
39 57.6
40 57.5
41 61
42 63.8
43 61.6
44 61.7
45 60.6
46 61.4
47 62
48 61.3
49 61
50 64.2
51 68.8
52 72.8
53 68
54 71.8
55 71.6
56 73.8
57 78.2
58 83.2
59 89.4
60 87.5
61 92
62 95.5
63 96
64 95.1
65 95.6
66 92.3
67 92.2
68 88.5
69 83.8
70 83.9
71 83.4
72 86.5
73 83.4
74 88
75 91.6
76 95.5
77 95
78 97.3
79 101.6
80 104.4
81 108.8
82 114.6
83 121.2
84 117
85 122.4
86 121.6
87 120.6
88 119.4
89 119
90 117.5
91 123.4
92 128.4
93 123.8
94 128.9
95 125.6
96 126.2
97 135
98 133.2
99 133.6
100 130.2
